# blk half row col minors first_far  (measured 2026-08-29, scrubber range)
0 0 0  18  35 0x000901
0 0 0  19  36 0x000980
0 0 0  20  36 0x000A00
0 0 0  21  36 0x000A80
0 0 0  22  28 0x000B00
0 0 0  23  36 0x000B80
0 0 0  24  36 0x000C00
0 0 0  25  28 0x000C80
0 0 0  26  36 0x000D00
0 0 0  27  36 0x000D80
0 0 0  28  36 0x000E00
0 0 0  29  36 0x000E80
0 0 0  30  36 0x000F00
0 0 0  31  36 0x000F80
0 0 0  32  36 0x001000
0 0 0  33  36 0x001080
0 0 0  34  30 0x001100
0 0 0  35  36 0x001180
0 0 0  36  36 0x001200
0 0 0  37  36 0x001280
0 0 0  38  36 0x001300
0 0 0  39  30 0x001380
0 0 0  40  36 0x001400
0 0 0  41  36 0x001480
0 0 0  42  28 0x001500
0 0 0  43  36 0x001580
0 0 0  44  36 0x001600
0 0 0  45  36 0x001680
0 0 0  46  28 0x001700
0 0 0  47  36 0x001780
0 0 0  48  36 0x001800
0 0 0  49  28 0x001880
0 0 0  50  36 0x001900
0 0 0  51  36 0x001980
0 0 0  52  36 0x001A00
0 0 0  53  36 0x001A80
0 0 0  54  30 0x001B00
0 0 0  55  43 0x001B80
0 1 0   0  43 0x400000
0 1 0   1  30 0x400080
0 1 0   2  36 0x400100
0 1 0   3  36 0x400180
0 1 0   4  36 0x400200
0 1 0   5  36 0x400280
0 1 0   6  28 0x400300
0 1 0   7  36 0x400380
0 1 0   8  36 0x400400
0 1 0   9  28 0x400480
0 1 0  10  36 0x400500
0 1 0  11  36 0x400580
0 1 0  12  36 0x400600
0 1 0  13  36 0x400680
0 1 0  14  28 0x400700
0 1 0  15  36 0x400780
0 1 0  16  36 0x400800
0 1 0  17  28 0x400880
0 1 0  18  36 0x400900
0 1 0  19  36 0x400980
0 1 0  20  36 0x400A00
0 1 0  21  36 0x400A80
0 1 0  22  28 0x400B00
0 1 0  23  36 0x400B80
0 1 0  24  36 0x400C00
0 1 0  25  28 0x400C80
0 1 0  26  36 0x400D00
0 1 0  27  36 0x400D80
0 1 0  28  36 0x400E00
0 1 0  29  36 0x400E80
0 1 0  30  36 0x400F00
0 1 0  31  36 0x400F80
0 1 0  32  36 0x401000
0 1 0  33  36 0x401080
0 1 0  34  30 0x401100
0 1 0  35  36 0x401180
0 1 0  36  36 0x401200
0 1 0  37  36 0x401280
0 1 0  38  36 0x401300
0 1 0  39  30 0x401380
0 1 0  40  36 0x401400
0 1 0  41  36 0x401480
0 1 0  42  28 0x401500
0 1 0  43  36 0x401580
0 1 0  44  36 0x401600
0 1 0  45  36 0x401680
0 1 0  46  28 0x401700
0 1 0  47  36 0x401780
0 1 0  48  36 0x401800
0 1 0  49  28 0x401880
0 1 0  50  36 0x401900
0 1 0  51  36 0x401980
0 1 0  52  36 0x401A00
0 1 0  53  36 0x401A80
0 1 0  54  30 0x401B00
0 1 0  55  43 0x401B80
